A/C,OT,RH_OT,RH,UT,RH_UT,UT_OT,N
housedust HR,0.095541401,0.165605096,0.142250531,0.095541401,0.210191083,0.163481953,0.127388535
housedust NR,0.273504274,0.085470085,0.111111111,0.222222222,0.094017094,0.051282051,0.162393162
housedust MR,0.137540453,0.160194175,0.139158576,0.163430421,0.129449838,0.114886731,0.155339806
housedust LR,0.190697674,0.074418605,0.172093023,0.144186047,0.060465116,0.227906977,0.130232558
cottondust LR,0.17571885,0.089456869,0.115015974,0.162939297,0.124600639,0.137380192,0.194888179
cottondust KR,0,0,0,1,0,0,0
cottondust NR,0.164750958,0.180076628,0.122605364,0.149425287,0.076628352,0.149425287,0.157088123
cottondust MR,0.142622951,0.175409836,0.17704918,0.137704918,0.118032787,0.11147541,0.137704918
cottondust HR,0.076271186,0.088983051,0.11440678,0.118644068,0.305084746,0.224576271,0.072033898
aspergilus LR,0.144981413,0.137546468,0.185873606,0.148698885,0.078066914,0.200743494,0.104089219
aspergilus KR,0.142857143,0,0,0.142857143,0.428571429,0.285714286,0
aspergilus NR,0.181003584,0.134408602,0.157706093,0.159498208,0.134408602,0.080645161,0.152329749
aspergilus MR,0.080519481,0.150649351,0.114285714,0.122077922,0.181818182,0.179220779,0.171428571
aspergilus HR,0.153465347,0.163366337,0.103960396,0.128712871,0.168316832,0.163366337,0.118811881
pollen LR,0.139194139,0.120879121,0.172161172,0.172161172,0.102564103,0.142857143,0.15018315
pollen KR,1,0,0,0,0,0,0
pollen NR,0.351351351,0.081081081,0.18018018,0.153153153,0.027027027,0.036036036,0.171171171
pollen MR,0.117310443,0.154506438,0.13304721,0.143061516,0.175965665,0.120171674,0.155937053
pollen HR,0.125,0.157738095,0.12797619,0.116071429,0.145833333,0.226190476,0.101190476
parthenium LR,0.244897959,0.045918367,0.209183673,0.168367347,0.142857143,0.076530612,0.112244898
parthenium KR,1,0,0,0,0,0,0
parthenium NR,0.23,0.09,0.18,0.2,0.18,0.07,0.05
parthenium MR,0.113564669,0.179810726,0.146687697,0.126182965,0.121451104,0.129337539,0.1829653
parthenium HR,0.118609407,0.145194274,0.104294479,0.143149284,0.163599182,0.202453988,0.122699387
cockroach LR,0.222222222,0.096618357,0.178743961,0.193236715,0.173913043,0.09178744,0.043478261
cockroach KR,0.5,0,0.25,0.25,0,0,0
cockroach NR,0.225,0.158333333,0.15,0.158333333,0.091666667,0.075,0.141666667
cockroach MR,0.156079855,0.13430127,0.145190563,0.143375681,0.143375681,0.136116152,0.141560799
cockroach HR,0.077922078,0.166975881,0.124304267,0.118738404,0.142857143,0.185528757,0.183673469
catdander LR,0.230769231,0.153846154,0.153846154,0.076923077,0.384615385,0,0
catdander KR,0.143487859,0.138337013,0.143487859,0.146431199,0.141280353,0.141280353,0.145695364
catdander NR,0.095238095,0.238095238,0.119047619,0.023809524,0.142857143,0.261904762,0.119047619
catdander MR,0,0,1,0,0,0,0
catdander HR,0.166666667,0.5,0,0.333333333,0,0,0
dogfur LR,0.06122449,0.163265306,0.081632653,0.06122449,0.285714286,0.224489796,0.12244898
dogfur KR,0.144838213,0.140986133,0.147919877,0.147149461,0.132511556,0.140986133,0.145608629
dogfur NR,0.2,0.057142857,0.142857143,0.114285714,0.2,0.114285714,0.171428571
dogfur MR,0.137931034,0.344827586,0.068965517,0.172413793,0.103448276,0.103448276,0.068965517
dogfur HR,0.1,0,0,0,0.7,0.2,0
roaddust KR,0.142857143,0.142857143,0.142857143,0.142857143,0.142857143,0.142857143,0.142857143
oldpdust NR,0.333333333,0,0.333333333,0.333333333,0,0,0
oldpdust KR,0.141242938,0.143361582,0.142655367,0.142655367,0.143361582,0.143361582,0.143361582
oldpdust LR,1,0,0,0,0,0,0
PSdust KR,0.143159379,0.143159379,0.143159379,0.141043724,0.143159379,0.143159379,0.143159379
PSdust LR,0,0,0,1,0,0,0
MilkP LR,0.182539683,0.206349206,0.095238095,0.206349206,0.142857143,0.111111111,0.055555556
MilkP KR,0.093567251,0.093567251,0.070175439,0.070175439,0.070175439,0.087719298,0.514619883
MilkP NR,0.146543779,0.140092166,0.159447005,0.149308756,0.152995392,0.152073733,0.099539171
MilkP MR,0.111111111,0.25,0.166666667,0.027777778,0.194444444,0.25,0
MilkP HR,0.333333333,0,0,0.666666667,0,0,0
MilkC LR,0.105263158,0.210526316,0.026315789,0.184210526,0.052631579,0.368421053,0.052631579
MilkC KR,0.138088012,0.142640364,0.147192716,0.142640364,0.14491654,0.135053111,0.149468892
MilkC NR,0.269230769,0.038461538,0.153846154,0.115384615,0.134615385,0.211538462,0.076923077
MilkC MR,0.125,0.625,0,0.125,0.125,0,0
MilkC HR,0.4,0,0,0.2,0.4,0,0
curd LR,0.099337748,0.059602649,0.132450331,0.17218543,0.112582781,0.238410596,0.185430464
curd KR,0.158610272,0.126888218,0.170694864,0.126888218,0.149546828,0.104229607,0.163141994
curd NR,0.132007233,0.186256781,0.12477396,0.148282098,0.132007233,0.164556962,0.112115732
curd MR,0.204081633,0.102040816,0.020408163,0.204081633,0.224489796,0.142857143,0.102040816
curd HR,0,0.333333333,0,0.166666667,0.5,0,0
coffee LR,0.132075472,0.018867925,0.103773585,0.20754717,0.311320755,0.20754717,0.018867925
coffee KR,0.140401146,0.135625597,0.145176695,0.134670487,0.139446036,0.133715377,0.170964661
coffee NR,0.151376147,0.224770642,0.165137615,0.160550459,0.068807339,0.142201835,0.087155963
coffee MR,0.133333333,0.2,0.088888889,0.088888889,0.2,0.222222222,0.066666667
coffee HR,0.6,0.2,0,0.2,0,0,0
tea LR,0.148514851,0.173267327,0.163366337,0.173267327,0.138613861,0.118811881,0.084158416
tea KR,0.132390746,0.152956298,0.149100257,0.123393316,0.155526992,0.119537275,0.167095116
tea NR,0.167213115,0.11147541,0.127868852,0.173770492,0.091803279,0.17704918,0.150819672
tea MR,0.112244898,0.132653061,0.132653061,0.132653061,0.204081633,0.183673469,0.102040816
tea HR,0.210526316,0.052631579,0.052631579,0.157894737,0.157894737,0.368421053,0
beef NR,0.25,0.175,0.116666667,0.116666667,0.175,0.1,0.066666667
beef KR,0.135374698,0.139403707,0.143432716,0.145850121,0.145850121,0.142626914,0.147461724
beef MR,0,0.142857143,0.047619048,0.142857143,0,0.380952381,0.285714286
beef LR,0.128205128,0.153846154,0.256410256,0.128205128,0.025641026,0.153846154,0.153846154
chicken LR,0.116751269,0.192893401,0.16751269,0.228426396,0.137055838,0.106598985,0.050761421
chicken KR,0.155870445,0.111336032,0.103238866,0.109311741,0.123481781,0.151821862,0.244939271
chicken NR,0.149371069,0.149371069,0.174528302,0.143081761,0.166666667,0.124213836,0.092767296
chicken MR,0.097222222,0.138888889,0.111111111,0.152777778,0.111111111,0.333333333,0.055555556
chicken HR,0.045454545,0.227272727,0,0.090909091,0.045454545,0.181818182,0.409090909
mutton LR,0.080291971,0.153284672,0.116788321,0.138686131,0.175182482,0.226277372,0.109489051
mutton KR,0.169188446,0.129298487,0.15130674,0.144429161,0.116918845,0.110041265,0.178817056
mutton NR,0.125,0.160087719,0.155701754,0.146929825,0.168859649,0.138157895,0.105263158
mutton MR,0.125,0.0625,0.075,0.1375,0.1875,0.3,0.1125
mutton HR,0.095238095,0.476190476,0,0.047619048,0.095238095,0.238095238,0.047619048
egg LR,0.180555556,0.069444444,0.131944444,0.145833333,0.125,0.201388889,0.145833333
egg KR,0.152993348,0.099778271,0.126385809,0.137472284,0.12195122,0.133037694,0.228381375
egg NR,0.137535817,0.163323782,0.163323782,0.14469914,0.166189112,0.12034384,0.104584527
egg MR,0.101851852,0.25,0.101851852,0.157407407,0.12962963,0.259259259,0
egg HR,0.05,0.35,0.1,0.1,0,0.1,0.3
fishA LR,0.114155251,0.136986301,0.132420091,0.150684932,0.210045662,0.173515982,0.082191781
fishA KR,0.143824027,0.13536379,0.121827411,0.126903553,0.140439932,0.106598985,0.225042301
fishA NR,0.153119093,0.149338374,0.185255198,0.155009452,0.120982987,0.156899811,0.079395085
fishA MR,0.139240506,0.17721519,0.037974684,0.151898734,0.126582278,0.240506329,0.126582278
fishA HR,0.333333333,0,0.333333333,0.333333333,0,0,0
fishB LR,0.158273381,0.071942446,0.28057554,0.18705036,0.151079137,0.028776978,0.122302158
fishB KR,0.140127389,0.140127389,0.12611465,0.129936306,0.154140127,0.127388535,0.182165605
fishB NR,0.151029748,0.167048055,0.14187643,0.155606407,0.125858124,0.176201373,0.082379863
fishB MR,0.084745763,0.169491525,0.050847458,0.101694915,0.101694915,0.372881356,0.118644068
fishB HR,0,0,0,1,0,0,0
crab LR,0.144144144,0.099099099,0.189189189,0.117117117,0.18018018,0.189189189,0.081081081
crab KR,0.146022155,0.145015106,0.133937563,0.140986908,0.140986908,0.121852971,0.171198389
crab NR,0.163716814,0.084070796,0.190265487,0.185840708,0.163716814,0.123893805,0.088495575
crab MR,0.045454545,0.363636364,0.060606061,0.106060606,0.060606061,0.303030303,0.060606061
crab HR,0.08,0.2,0.08,0.04,0.08,0.52,0
prawns LR,0.142857143,0.105590062,0.167701863,0.099378882,0.254658385,0.192546584,0.037267081
prawns KR,0.140397351,0.136423841,0.129801325,0.131125828,0.131125828,0.143046358,0.18807947
prawns NR,0.153301887,0.155660377,0.160377358,0.16745283,0.117924528,0.132075472,0.113207547
prawns MR,0.122807018,0.245614035,0.140350877,0.192982456,0.105263158,0.140350877,0.052631579
prawns HR,0.083333333,0.125,0.083333333,0.25,0.291666667,0,0.166666667
shark NR,0.097222222,0.152777778,0.194444444,0.111111111,0.263888889,0.138888889,0.041666667
shark KR,0.144237918,0.142750929,0.140520446,0.144981413,0.135315985,0.143494424,0.148698885
shark MR,0,0,0,0,1,0,0
shark LR,1,0,0,0,0,0,0
avaraikai LR,0.133802817,0.147887324,0.105633803,0.183098592,0.098591549,0.23943662,0.091549296
avaraikai KR,0.145578231,0.140136054,0.157823129,0.114285714,0.136054422,0.114285714,0.191836735
avaraikai NR,0.143763214,0.152219873,0.137420719,0.160676533,0.158562368,0.150105708,0.097251586
avaraikai MR,0.142857143,0.053571429,0.125,0.267857143,0.160714286,0.196428571,0.053571429
avaraikai HR,0.066666667,0.266666667,0,0.133333333,0.333333333,0.2,0
banana LR,0.2,0.1,0.05,0.25,0.25,0.075,0.075
banana KR,0.146029035,0.151152861,0.137489325,0.125533732,0.135781383,0.15029889,0.153714774
banana NR,0.109452736,0.109452736,0.194029851,0.208955224,0.15920398,0.119402985,0.099502488
banana MR,0.285714286,0,0.142857143,0.285714286,0.285714286,0,0
banana HR,0,0,0,1,0,0,0
beans LR,0.099547511,0.076923077,0.122171946,0.221719457,0.180995475,0.20361991,0.095022624
beans KR,0.13671875,0.1015625,0.125,0.10546875,0.0703125,0.0703125,0.390625
beans NR,0.159904535,0.181384248,0.151551313,0.136038186,0.159904535,0.137231504,0.07398568
beans MR,0.120879121,0.087912088,0.164835165,0.098901099,0.120879121,0.208791209,0.197802198
beans HR,0.066666667,0,0.133333333,0.266666667,0,0.4,0.133333333
beetroot LR,0.12987013,0.168831169,0.136363636,0.181818182,0.11038961,0.233766234,0.038961039
beetroot KR,0.160762943,0.136239782,0.155313351,0.121253406,0.159400545,0.095367847,0.171662125
beetroot NR,0.117768595,0.150826446,0.130165289,0.161157025,0.126033058,0.167355372,0.146694215
beetroot MR,0.097560976,0.097560976,0.12195122,0.195121951,0.195121951,0.292682927,0
beetroot HR,0.5,0,0,0,0,0.5,0
brinjal LR,0.128205128,0.168091168,0.142450142,0.150997151,0.193732194,0.128205128,0.088319088
brinjal KR,0.13832853,0.097982709,0.086455331,0.170028818,0.083573487,0.126801153,0.296829971
brinjal NR,0.160714286,0.167207792,0.172077922,0.131493506,0.131493506,0.141233766,0.095779221
brinjal MR,0.102272727,0.079545455,0.159090909,0.102272727,0.193181818,0.25,0.113636364
brinjal HR,0.105263158,0,0.157894737,0.052631579,0.421052632,0.263157895,0
cabbage LR,0.097744361,0.255639098,0.135338346,0.127819549,0.097744361,0.210526316,0.07518797
cabbage KR,0.133757962,0.141719745,0.132165605,0.140127389,0.119426752,0.136942675,0.195859873
cabbage NR,0.16025641,0.120192308,0.16025641,0.142628205,0.166666667,0.137820513,0.112179487
cabbage MR,0.2,0.166666667,0.066666667,0.266666667,0.2,0.1,0
cabbage HR,0,0,0,0.166666667,0.833333333,0,0
capsicum LR,0.130434783,0.47826087,0.130434783,0.130434783,0.043478261,0.086956522,0
capsicum KR,0.142618849,0.140116764,0.145954962,0.137614679,0.130942452,0.147623019,0.155129274
capsicum NR,0.145945946,0.108108108,0.12972973,0.183783784,0.243243243,0.097297297,0.091891892
capsicum MR,0.153846154,0.307692308,0.076923077,0,0,0.461538462,0
capsicum HR,0,0,0,1,0,0,0
chillie NR,0.184466019,0.145631068,0.155339806,0.145631068,0.077669903,0.203883495,0.087378641
chillie KR,0.139375476,0.143183549,0.142421935,0.14166032,0.146991622,0.138613861,0.147753237
chillie MR,0,0,0,1,0,0,0
chillie LR,0.25,0,0,0.25,0.5,0,0
cauliflower LR,0.169491525,0.06779661,0.169491525,0.237288136,0.254237288,0,0.101694915
cauliflower KR,0.134387352,0.160079051,0.140316206,0.141304348,0.124505929,0.128458498,0.170948617
cauliflower NR,0.154320988,0.104938272,0.151234568,0.12345679,0.179012346,0.225308642,0.061728395
cauliflower MR,0.291666667,0.125,0.041666667,0.208333333,0.166666667,0,0.166666667
cauliflower HR,0,0,0.5,0.5,0,0,0
carrot LR,0.170731707,0.140243902,0.115853659,0.201219512,0.256097561,0.079268293,0.036585366
carrot KR,0.144186047,0.097674419,0.134883721,0.069767442,0.060465116,0.055813953,0.437209302
carrot NR,0.138104839,0.152217742,0.153225806,0.148185484,0.139112903,0.171370968,0.097782258
carrot MR,0.170731707,0.170731707,0.048780488,0.146341463,0.170731707,0.146341463,0.146341463
carrot HR,0,0.111111111,0.111111111,0.222222222,0.333333333,0.222222222,0
chowchow LR,0.111111111,0.148148148,0.074074074,0.111111111,0.296296296,0.259259259,0
chowchow KR,0.140585774,0.153138075,0.145606695,0.132217573,0.133054393,0.141422594,0.153974895
chowchow NR,0.159340659,0.087912088,0.137362637,0.208791209,0.175824176,0.126373626,0.104395604
chowchow MR,0,0,0.153846154,0.230769231,0.307692308,0.307692308,0
chowchow HR,0.75,0,0,0.25,0,0,0
corn LR,0.2,0.2,0.12,0.04,0.16,0.28,0
corn KR,0.135239567,0.142967543,0.14683153,0.139103555,0.139103555,0.142194745,0.154559505
corn NR,0.239583333,0.104166667,0.104166667,0.21875,0.177083333,0.125,0.03125
corn MR,0,0,0,0.333333333,0.666666667,0,0
corn HR,0,1,0,0,0,0,0
cucumber LR,0.038461538,0.076923077,0.076923077,0.192307692,0.230769231,0.115384615,0.269230769
cucumber KR,0.141640867,0.144736842,0.143962848,0.140866873,0.136996904,0.14628483,0.145510836
cucumber NR,0.188118812,0.138613861,0.148514851,0.138613861,0.198019802,0.108910891,0.079207921
cucumber MR,0,0,0,1,0,0,0
cucumber HR,0,0,0,1,0,0,0
drumstick LR,0.153846154,0.115384615,0.16025641,0.205128205,0.16025641,0.102564103,0.102564103
drumstick KR,0.115789474,0.1,0.147368421,0.131578947,0.063157895,0.042105263,0.4
drumstick NR,0.147117296,0.154075547,0.14612326,0.130218688,0.153081511,0.167992048,0.10139165
drumstick MR,0.123076923,0.169230769,0.030769231,0.2,0.184615385,0.153846154,0.138461538
drumstick HR,0.25,0,0.25,0.5,0,0,0
greens LR,0.165048544,0.142394822,0.1197411,0.15210356,0.165048544,0.216828479,0.038834951
greens KR,0.131147541,0.094262295,0.143442623,0.086065574,0.077868852,0.106557377,0.360655738
greens NR,0.148648649,0.156756757,0.158108108,0.152702703,0.151351351,0.124324324,0.108108108
greens MR,0.079207921,0.118811881,0.128712871,0.207920792,0.148514851,0.108910891,0.207920792
greens HR,0.074074074,0.296296296,0.037037037,0.037037037,0.222222222,0.259259259,0.074074074
gourds LR,0.146153846,0.107692308,0.146153846,0.146153846,0.161538462,0.284615385,0.007692308
gourds KR,0.150289017,0.165703276,0.161849711,0.144508671,0.123314066,0.063583815,0.190751445
gourds NR,0.139917695,0.127572016,0.137174211,0.138545953,0.155006859,0.161865569,0.139917695
gourds MR,0.105263158,0.263157895,0,0.184210526,0.078947368,0.342105263,0.026315789
gourds HR,0,0,0,0.2,0.4,0.4,0
kovaikai LR,0.0625,0.15625,0.09375,0.125,0,0.53125,0.03125
kovaikai KR,0.147554806,0.151770658,0.142495784,0.139966273,0.145025295,0.120573356,0.152613828
kovaikai NR,0.13368984,0.090909091,0.165775401,0.160427807,0.14973262,0.203208556,0.096256684
kovaikai MR,0.125,0.125,0,0.375,0.375,0,0
kovaikai HR,0,0,0,0,0,0.625,0.375
kothavarai NR,0.105882353,0.164705882,0.117647059,0.152941176,0.223529412,0.152941176,0.082352941
kothavarai KR,0.146747352,0.141452345,0.144478064,0.140695915,0.134644478,0.143721634,0.148260212
kothavarai MR,0,0,0,1,0,0,0
kothavarai LR,0,0.153846154,0.153846154,0.230769231,0.461538462,0,0
Lfinger LR,0.135135135,0.198198198,0.121621622,0.18018018,0.166666667,0.130630631,0.067567568
Lfinger KR,0.13559322,0.077966102,0.183050847,0.108474576,0.108474576,0.118644068,0.26779661
Lfinger NR,0.160511364,0.160511364,0.157670455,0.149147727,0.132102273,0.140625,0.099431818
Lfinger MR,0.096969697,0.127272727,0.054545455,0.127272727,0.2,0.157575758,0.236363636
Lfinger HR,0.114285714,0.057142857,0.057142857,0.142857143,0.228571429,0.4,0
malli LR,0.153846154,0.205128205,0.076923077,0.179487179,0.128205128,0.025641026,0.230769231
malli KR,0.137289637,0.140832595,0.146147033,0.140832595,0.15234721,0.139946856,0.142604074
malli NR,0.162393162,0.153846154,0.141025641,0.145299145,0.111111111,0.158119658,0.128205128
malli MR,0.222222222,0,0.111111111,0.111111111,0,0.388888889,0.166666667
malli HR,0,0,0,1,0,0,0
mango LR,0.166666667,0.194444444,0.138888889,0.083333333,0.055555556,0.305555556,0.055555556
mango KR,0.142857143,0.152439024,0.153310105,0.139372822,0.150696864,0.119337979,0.141986063
mango NR,0.14159292,0.092920354,0.097345133,0.163716814,0.110619469,0.225663717,0.168141593
mango MR,0,0,0,0.3,0.3,0.4,0
mango HR,1,0,0,0,0,0,0
mushroom LR,0.228571429,0.085714286,0.142857143,0.057142857,0.342857143,0.057142857,0.085714286
mushroom KR,0.141706924,0.144927536,0.144122383,0.14331723,0.139291465,0.134460548,0.152173913
mushroom NR,0.132352941,0.147058824,0.132352941,0.139705882,0.132352941,0.235294118,0.080882353
mushroom MR,0,0,0.166666667,0.5,0,0.333333333,0
mushroom HR,0.5,0,0,0.5,0,0,0
nuckol LR,0,0.0625,0,0.125,0.25,0,0.5625
nuckol KR,0.143939394,0.143939394,0.14469697,0.139393939,0.139393939,0.146212121,0.142424242
nuckol NR,0.1625,0.15,0.1375,0.2,0.15,0.125,0.075
nuckol MR,0,0,0,0.25,0.75,0,0
nuckol HR,0,0,1,0,0,0,0
onion LR,0.15037594,0.120300752,0.157894737,0.248120301,0.165413534,0.142857143,0.015037594
onion KR,0.095652174,0.017391304,0.052173913,0.043478261,0.034782609,0,0.756521739
onion NR,0.148214286,0.15,0.153571429,0.139285714,0.149107143,0.160714286,0.099107143
onion MR,0.133333333,0.266666667,0.066666667,0.2,0.222222222,0.044444444,0.066666667
onion HR,0,0.625,0.125,0,0,0.25,0
peas LR,0.164556962,0.088607595,0.227848101,0.126582278,0.126582278,0.025316456,0.240506329
peas KR,0.136316337,0.155046826,0.131113424,0.142559834,0.134235172,0.144640999,0.156087409
peas NR,0.151351351,0.127027027,0.156756757,0.132432432,0.172972973,0.167567568,0.091891892
peas MR,0.3,0,0.1,0.6,0,0,0
peas HR,0,0,0,1,0,0,0
potroot LR,0.077922078,0.181818182,0.12987013,0.168831169,0.220779221,0.194805195,0.025974026
potroot KR,0.151010702,0.122473246,0.14744352,0.14863258,0.120095125,0.135552913,0.174791914
potroot NR,0.138004246,0.167728238,0.135881104,0.127388535,0.159235669,0.157112527,0.114649682
potroot MR,0.178571429,0.142857143,0.142857143,0.178571429,0.357142857,0,0
potroot HR,0,0.75,0.25,0,0,0,0
paneer LR,0.19047619,0.095238095,0.19047619,0.285714286,0.047619048,0.19047619,0
paneer KR,0.141726049,0.139350752,0.139350752,0.13618369,0.13618369,0.146476643,0.160728424
paneer NR,0.142857143,0.198412698,0.158730159,0.19047619,0.214285714,0.095238095,0
paneer MR,0.111111111,0,0.333333333,0,0.333333333,0.222222222,0
paneer HR,0.5,0,0,0.5,0,0,0
potato LR,0.170212766,0.141843972,0.127659574,0.191489362,0.226950355,0.106382979,0.035460993
potato KR,0.117647059,0.094117647,0.109803922,0.101960784,0.11372549,0.082352941,0.380392157
potato NR,0.149897331,0.156057495,0.156057495,0.14476386,0.140657084,0.154004107,0.098562628
potato MR,0.054054054,0.189189189,0.054054054,0.216216216,0.135135135,0.351351351,0
potato HR,0.071428571,0,0.214285714,0.071428571,0,0.285714286,0.357142857
pumkin LR,0.085106383,0.255319149,0.063829787,0.063829787,0.404255319,0.127659574,0
pumkin KR,0.139458573,0.146021329,0.155045119,0.14438064,0.121410993,0.139458573,0.154224774
pumkin NR,0.198630137,0.089041096,0.068493151,0.150684932,0.205479452,0.184931507,0.102739726
pumkin MR,0,0,0.125,0.125,0.75,0,0
pumkin HR,0,0,0,1,0,0,0
pudina LR,0.119047619,0.166666667,0.119047619,0.214285714,0.214285714,0,0.166666667
pudina KR,0.140781108,0.124432334,0.157129882,0.141689373,0.14804723,0.138964578,0.148955495
pudina NR,0.152,0.204,0.092,0.152,0.104,0.18,0.116
pudina MR,0.166666667,0.291666667,0.083333333,0,0.208333333,0.125,0.125
pudina HR,0.25,0.25,0,0,0,0.5,0
radish LR,0.11627907,0.11627907,0.104651163,0.23255814,0.186046512,0.174418605,0.069767442
radish KR,0.138923655,0.147684606,0.136420526,0.128911139,0.145181477,0.127659574,0.175219024
radish NR,0.154738878,0.137330754,0.156673114,0.14893617,0.133462282,0.160541586,0.108317215
radish MR,0.111111111,0.222222222,0.222222222,0.111111111,0.111111111,0.166666667,0.055555556
radish HR,0,0,0,1,0,0,0
tomato LR,0.174825175,0.104895105,0.181818182,0.244755245,0.174825175,0.118881119,0
tomato KR,0.088709677,0.072580645,0.088709677,0.056451613,0.040322581,0.016129032,0.637096774
tomato NR,0.150273224,0.158469945,0.146630237,0.142076503,0.14571949,0.143897996,0.112932605
tomato MR,0.02,0.06,0.1,0.08,0.22,0.52,0
tomato HR,0.166666667,0.333333333,0,0.166666667,0.333333333,0,0
tondaikai NR,0.10989011,0.197802198,0.087912088,0.098901099,0.285714286,0.153846154,0.065934066
tondaikai KR,0.145660377,0.139622642,0.146415094,0.145660377,0.133584906,0.140377358,0.148679245
tondaikai LR,0,0,0.2,0.2,0,0.6,0
vazpooThandu LR,0,0.055555556,0.277777778,0.333333333,0.333333333,0,0
vazpooThandu KR,0.1416,0.1536,0.1384,0.14,0.1384,0.1384,0.1496
vazpooThandu NR,0.171232877,0.068493151,0.171232877,0.143835616,0.164383562,0.171232877,0.109589041
vazpooThandu MR,0,0,0,0.166666667,0,0.833333333,0
vazpooThandu HR,1,0,0,0,0,0,0
yams LR,0.086538462,0.125,0.115384615,0.134615385,0.25,0.278846154,0.009615385
yams KR,0.155935614,0.124748491,0.147887324,0.153923541,0.135814889,0.121730382,0.159959759
yams NR,0.119453925,0.215017065,0.14334471,0.102389078,0.116040956,0.167235495,0.136518771
yams MR,0.12,0.12,0.08,0.16,0.32,0.08,0.12
yams HR,0.2,0,0,0.4,0,0.4,0
gram LR,0.15274463,0.116945107,0.131264916,0.145584726,0.176610979,0.167064439,0.109785203
gram KR,0.05952381,0,0.035714286,0.023809524,0.023809524,0,0.857142857
gram NR,0.15578635,0.170623145,0.164688427,0.148367953,0.12611276,0.163204748,0.071216617
gram MR,0.120192308,0.139423077,0.153846154,0.158653846,0.149038462,0.110576923,0.168269231
gram HR,0.111111111,0.277777778,0.055555556,0.194444444,0.305555556,0,0.055555556
channa LR,0.09375,0.196875,0.15,0.128125,0.225,0.09375,0.1125
channa KR,0.15308642,0.143209877,0.143209877,0.120987654,0.044444444,0.133333333,0.261728395
channa NR,0.177319588,0.111340206,0.144329897,0.160824742,0.18556701,0.134020619,0.086597938
channa MR,0.112903226,0.091397849,0.134408602,0.155913978,0.123655914,0.290322581,0.091397849
channa HR,0.16,0.44,0.08,0.24,0,0,0.08
dhal LR,0.155405405,0.121621622,0.168918919,0.155405405,0.148648649,0.108108108,0.141891892
dhal KR,0.105691057,0.016260163,0.12195122,0.06504065,0.048780488,0,0.642276423
dhal NR,0.150961538,0.145192308,0.148076923,0.149038462,0.156730769,0.154807692,0.095192308
dhal MR,0.11627907,0.290697674,0.104651163,0.186046512,0.104651163,0.151162791,0.046511628
dhal HR,0,0.291666667,0,0.041666667,0.125,0.541666667,0
maida LR,0.109195402,0.155172414,0.189655172,0.155172414,0.086206897,0.224137931,0.08045977
maida KR,0.123831776,0.142523364,0.126168224,0.144859813,0.095794393,0.095794393,0.271028037
maida NR,0.15974026,0.137662338,0.141558442,0.141558442,0.183116883,0.146753247,0.08961039
maida MR,0.194444444,0.194444444,0.111111111,0.111111111,0.083333333,0.194444444,0.111111111
maida HR,0.076923077,0.153846154,0.230769231,0.076923077,0.230769231,0.230769231,0
oats NR,0.14375,0.125,0.11875,0.13125,0.2125,0.15625,0.1125
oats KR,0.140788415,0.146419952,0.145615447,0.144006436,0.131134352,0.143201931,0.148833467
oats MR,0,0,0.222222222,0.222222222,0.555555556,0,0
oats LR,0.555555556,0.111111111,0.111111111,0.111111111,0.111111111,0,0
ragi LR,0.171428571,0.057142857,0.028571429,0.114285714,0.342857143,0.142857143,0.142857143
ragi KR,0.138564274,0.141903172,0.153589316,0.141903172,0.143572621,0.135225376,0.14524207
ragi NR,0.160714286,0.178571429,0.107142857,0.136904762,0.095238095,0.178571429,0.142857143
ragi MR,0.222222222,0,0,0.277777778,0.166666667,0.333333333,0
ragi HR,0,0.5,0,0.5,0,0,0
rice NR,0.10619469,0.150442478,0.061946903,0.221238938,0.238938053,0.17699115,0.044247788
rice KR,0.146472393,0.142638037,0.149539877,0.134969325,0.134202454,0.140337423,0.151840491
rice MR,0,0,0,0,1,0,0
rice LR,0,0,0.333333333,0.666666667,0,0,0
wheat LR,0.097826087,0.179347826,0.135869565,0.141304348,0.141304348,0.282608696,0.02173913
wheat KR,0.114583333,0.15625,0.072916667,0.125,0.041666667,0.078125,0.411458333
wheat NR,0.158746208,0.13346815,0.161779575,0.136501517,0.157735086,0.130434783,0.121334681
wheat MR,0.06122449,0.12244898,0.081632653,0.326530612,0.265306122,0.142857143,0
wheat HR,0.428571429,0.285714286,0,0.285714286,0,0,0
coconut LR,0.179487179,0.188034188,0.11965812,0.170940171,0.111111111,0.162393162,0.068376068
coconut KR,0.136246787,0.120822622,0.149100257,0.120822622,0.120822622,0.087403599,0.264781491
coconut NR,0.147579693,0.151121606,0.148760331,0.147579693,0.147579693,0.149940968,0.107438017
coconut MR,0.059701493,0.089552239,0.074626866,0.164179104,0.268656716,0.343283582,0
coconut HR,0,0,0,0,0,0,1
oil LR,0.189873418,0,0.088607595,0.278481013,0.101265823,0.253164557,0.088607595
oil KR,0.152777778,0.129273504,0.165598291,0.133547009,0.16025641,0.084401709,0.174145299
oil NR,0.098666667,0.210666667,0.104,0.128,0.106666667,0.264,0.088
oil MR,0.214285714,0.107142857,0.071428571,0.25,0.178571429,0.178571429,0
oil HR,0.666666667,0,0,0.333333333,0,0,0
garlic LR,0.2,0.084210526,0.168421053,0.157894737,0.136842105,0.189473684,0.063157895
garlic KR,0.145244216,0.106683805,0.128534704,0.114395887,0.196658098,0.138817481,0.16966581
garlic NR,0.130350195,0.190661479,0.167315175,0.178988327,0.068093385,0.138132296,0.126459144
garlic MR,0.125,0.333333333,0.041666667,0.25,0.083333333,0.166666667,0
garlic HR,0.1,0.6,0,0.1,0,0.2,0
ginger LR,0.184615385,0.153846154,0.169230769,0.292307692,0.107692308,0.061538462,0.030769231
ginger KR,0.148466258,0.127607362,0.137423313,0.10797546,0.176687117,0.115337423,0.186503067
ginger NR,0.127530364,0.174089069,0.157894737,0.165991903,0.101214575,0.178137652,0.0951417
ginger MR,0.142857143,0.071428571,0.047619048,0.238095238,0.047619048,0.404761905,0.047619048
ginger HR,0.2,0,0,0.8,0,0,0
pepper NR,0.133333333,0.226666667,0.1,0.16,0.14,0.166666667,0.073333333
pepper KR,0.145056726,0.133711507,0.147487844,0.140194489,0.141815235,0.136142626,0.155591572
pepper MR,0.166666667,0,0,0,0,0.833333333,0
pepper LR,0.096774194,0.129032258,0.193548387,0.193548387,0.225806452,0.161290323,0
tamarind LR,0.130952381,0.142857143,0.125,0.172619048,0.18452381,0.214285714,0.029761905
tamarind KR,0.161220044,0.069716776,0.174291939,0.11546841,0.1416122,0.069716776,0.267973856
tamarind NR,0.129577465,0.169014085,0.138028169,0.156338028,0.143661972,0.170422535,0.092957746
tamarind MR,0.171052632,0.315789474,0.052631579,0.092105263,0.065789474,0.184210526,0.118421053
tamarind HR,0.25,0.375,0,0.375,0,0,0
aginomoto LR,0.119402985,0.164179104,0.119402985,0.164179104,0.149253731,0.208955224,0.074626866
aginomoto KR,0.156601842,0.131013306,0.150460594,0.138178096,0.131013306,0.113613101,0.179119754
aginomoto NR,0.116766467,0.164670659,0.131736527,0.146706587,0.182634731,0.194610778,0.062874251
aginomoto MR,0.081081081,0.162162162,0.108108108,0.189189189,0.054054054,0.351351351,0.054054054
aginomoto HR,0,0.5,0,0.166666667,0.333333333,0,0
spices LR,0.068965517,0.310344828,0.068965517,0.24137931,0,0.206896552,0.103448276
spices KR,0.150556031,0.133447391,0.151411463,0.144568007,0.135158255,0.118905047,0.165953807
spices NR,0.114678899,0.174311927,0.105504587,0.114678899,0.206422018,0.256880734,0.027522936
spices MR,0,0,0,0.5,0,0.5,0
spices HR,0,0,1,0,0,0,0
coco LR,0,0,0.083333333,0.583333333,0.166666667,0.166666667,0
coco KR,0.146774194,0.133870968,0.148387097,0.147580645,0.141935484,0.120967742,0.160483871
coco NR,0.1125,0.21875,0.09375,0.075,0.15625,0.31875,0.025
coco MR,0.4,0,0.4,0.2,0,0,0
coco HR,0.25,0.5,0.25,0,0,0,0
horlicks KR,0.142857143,0.142857143,0.142857143,0.142857143,0.142857143,0.142857143,0.142857143
boost KR,0.142857143,0.142857143,0.142857143,0.142857143,0.142857143,0.142857143,0.142857143
sdrink NR,0.047058824,0.188235294,0.117647059,0.164705882,0.152941176,0.223529412,0.105882353
sdrink KR,0.148484848,0.140909091,0.145454545,0.143181818,0.141666667,0.135606061,0.14469697
sdrink MR,0.25,0,0.25,0,0,0.5,0
sdrink LR,0.166666667,0.083333333,0,0,0.25,0.25,0.25
hdrink NR,0.04494382,0.179775281,0.101123596,0.157303371,0.157303371,0.247191011,0.112359551
hdrink KR,0.14893617,0.140577508,0.145896657,0.142857143,0.143617021,0.133738602,0.1443769
hdrink MR,0.166666667,0,0.166666667,0.166666667,0,0.5,0
hdrink LR,0.2,0.2,0.1,0,0,0.2,0.3
sfruit LR,0.109865471,0.174887892,0.098654709,0.139013453,0.139013453,0.206278027,0.132286996
sfruit KR,0.175900277,0.121883657,0.191135734,0.153739612,0.103878116,0.072022161,0.181440443
sfruit NR,0.158536585,0.048780488,0.109756098,0.109756098,0.243902439,0.292682927,0.036585366
sfruit MR,0.092436975,0.159663866,0.067226891,0.134453782,0.31092437,0.193277311,0.042016807
sfruit HR,0.057692308,0.269230769,0.076923077,0.096153846,0.173076923,0.230769231,0.096153846
wfruit LR,0.120181406,0.151927438,0.088435374,0.140589569,0.160997732,0.201814059,0.136054422
wfruit KR,0.174624829,0.130968622,0.19781719,0.151432469,0.10095498,0.064120055,0.180081855
wfruit NR,0.126126126,0.099099099,0.09009009,0.144144144,0.189189189,0.279279279,0.072072072
wfruit MR,0.050847458,0.220338983,0.06779661,0.084745763,0.313559322,0.262711864,0
wfruit HR,0.111111111,0.166666667,0.055555556,0.222222222,0,0.277777778,0.166666667
lime LR,0.144927536,0.31884058,0.057971014,0.144927536,0.188405797,0.115942029,0.028985507
lime KR,0.142506143,0.133497133,0.149058149,0.137592138,0.147420147,0.139230139,0.150696151
lime NR,0.151260504,0.151260504,0.134453782,0.176470588,0.084033613,0.159663866,0.142857143
lime MR,0.1,0,0.1,0.2,0,0.6,0
lime HR,0,0,0,1,0,0,0
nuts LR,0.08994709,0.148148148,0.074074074,0.164021164,0.185185185,0.248677249,0.08994709
nuts KR,0.164383562,0.112079701,0.183063512,0.151930262,0.117061021,0.107098381,0.164383562
nuts NR,0.134751773,0.195035461,0.095744681,0.095744681,0.180851064,0.177304965,0.120567376
nuts MR,0.115044248,0.230088496,0.079646018,0.150442478,0.14159292,0.168141593,0.115044248
nuts HR,0.088235294,0.117647059,0.176470588,0.176470588,0.205882353,0.029411765,0.205882353
runningnose NO,0.210648148,0.041666667,0.045138889,0.232638889,0.03125,0.222222222,0.216435185
runningnose YES,0.037701975,0.299820467,0.29443447,0.003590664,0.315978456,0.019748654,0.028725314
sneeze NO,0.207570208,0.042735043,0.024420024,0.242979243,0.025641026,0.231990232,0.224664225
sneeze YES,0.054817276,0.279069767,0.303986711,0.006644518,0.302325581,0.021594684,0.031561462
cough NO,0.156549521,0.076677316,0.060702875,0.212992545,0.09371672,0.198083067,0.201277955
cough YES,0.116182573,0.271784232,0.302904564,0.006224066,0.238589212,0.03526971,0.029045643
wheezeBlocks NO,0.148394241,0.058693245,0.071982281,0.219269103,0.090808416,0.198228128,0.212624585
wheezeBlocks YES,0.133204633,0.28957529,0.266409266,0.00965251,0.233590734,0.046332046,0.021235521
headache NO,0.158730159,0.085537919,0.130511464,0.176366843,0.109347443,0.171957672,0.167548501
headache YES,0.080139373,0.369337979,0.191637631,0.010452962,0.275261324,0.027874564,0.045296167
itching NO,0.166666667,0.276836158,0.281073446,0.012711864,0.011299435,0.011299435,0.240112994
itching YES,0.119214586,0.009817672,0.005610098,0.272089762,0.273492286,0.273492286,0.04628331
swelling NO,0.184475806,0.204637097,0.202620968,0.065524194,0.059475806,0.110887097,0.172379032
swelling YES,0.046620047,0,0.004662005,0.321678322,0.335664336,0.216783217,0.074592075
redrashes NO,0.182617188,0.198242188,0.1953125,0.079101563,0.063476563,0.112304688,0.168945313
redrashes YES,0.040302267,0,0.007556675,0.307304786,0.347607053,0.221662469,0.075566751
FHistory NO,0.133333333,0.042857143,0.193650794,0.171428571,0.061904762,0.107936508,0.288888889
FHistory YES,0.150442478,0.222503161,0.102402023,0.120101138,0.207332491,0.170670038,0.026548673
gender ?,0.5,0,0,0.5,0,0,0
gender M,0.152996845,0.146687697,0.187697161,0.123028391,0.093059937,0.146687697,0.149842271
gender F,0.133757962,0.140127389,0.107006369,0.157961783,0.18343949,0.140127389,0.137579618
