A/C,RH,UT,OT,RH_UT,RH_OT,N,UT_OT
housedust MR,0.274350649,0.313311688,0.207792208,0.043831169,0.063311688,0.060064935,0.037337662
housedust HR,0.327014218,0.267772512,0.142180095,0.08056872,0.087677725,0.045023697,0.049763033
housedust LR,0.257918552,0.352941176,0.221719457,0.027149321,0.036199095,0.040723982,0.063348416
housedust KR,0,1,0,0,0,0,0
housedust NR,0.159509202,0.404907975,0.27607362,0.030674847,0.036809816,0.079754601,0.012269939
cottondust MR,0.307692308,0.307692308,0.185897436,0.043269231,0.067307692,0.056089744,0.032051282
cottondust HR,0.291866029,0.301435407,0.133971292,0.105263158,0.057416268,0.033492823,0.076555024
cottondust LR,0.237654321,0.339506173,0.225308642,0.046296296,0.043209877,0.070987654,0.037037037
cottondust KR,1,0,0,0,0,0,0
cottondust NR,0.222641509,0.324528302,0.245283019,0.030188679,0.083018868,0.049056604,0.045283019
aspergilus MR,0.238853503,0.318471338,0.146496815,0.082802548,0.076433121,0.070063694,0.066878981
aspergilus HR,0.233918129,0.257309942,0.216374269,0.081871345,0.099415205,0.052631579,0.058479532
aspergilus LR,0.291946309,0.355704698,0.177852349,0.030201342,0.05033557,0.046979866,0.046979866
aspergilus KR,0.333333333,0,0.333333333,0.166666667,0,0,0.166666667
aspergilus NR,0.293375394,0.3170347,0.227129338,0.034700315,0.05362776,0.052050473,0.022082019
pollen MR,0.274390244,0.326219512,0.170731707,0.06097561,0.070121951,0.057926829,0.039634146
pollen HR,0.27444795,0.299684543,0.164037855,0.066246057,0.075709779,0.050473186,0.069400631
pollen LR,0.282828283,0.326599327,0.212121212,0.033670034,0.047138047,0.063973064,0.033670034
pollen KR,0.2,0,0.8,0,0,0,0
pollen NR,0.256756757,0.304054054,0.344594595,0.006756757,0.040540541,0.033783784,0.013513514
parthenium MR,0.299500832,0.297836938,0.174708819,0.038269551,0.078202995,0.071547421,0.039933444
parthenium HR,0.241457859,0.30523918,0.177676538,0.079726651,0.077448747,0.0523918,0.066059226
parthenium LR,0.273809524,0.353174603,0.261904762,0.035714286,0.01984127,0.03968254,0.015873016
parthenium KR,0,0,1,0,0,0,0
parthenium NR,0.2734375,0.3828125,0.234375,0.0390625,0.03125,0.015625,0.0234375
cockroach MR,0.29380531,0.300884956,0.208849558,0.047787611,0.056637168,0.054867257,0.037168142
cockroach HR,0.266666667,0.295555556,0.135555556,0.068888889,0.084444444,0.084444444,0.064444444
cockroach LR,0.266666667,0.380392157,0.231372549,0.043137255,0.039215686,0.015686275,0.023529412
cockroach KR,0.4,0,0.6,0,0,0,0
cockroach NR,0.22972973,0.344594595,0.277027027,0.02027027,0.067567568,0.033783784,0.027027027
catdander MR,0.25,0.75,0,0,0,0,0
catdander HR,0,0.4,0.2,0,0.4,0,0
catdander LR,0.1875,0.375,0.25,0.125,0.0625,0,0
catdander KR,0.276957164,0.316100443,0.200886263,0.050221566,0.059084195,0.056129985,0.040620384
catdander NR,0.25,0.272727273,0.113636364,0.045454545,0.159090909,0.045454545,0.113636364
dogfur MR,0.137931034,0.344827586,0.172413793,0.068965517,0.172413793,0.068965517,0.034482759
dogfur HR,0.111111111,0.333333333,0.222222222,0.222222222,0,0,0.111111111
dogfur LR,0.297297297,0.135135135,0.081081081,0.135135135,0.135135135,0.081081081,0.135135135
dogfur KR,0.276546982,0.321619557,0.201680672,0.045836516,0.060351413,0.054239878,0.039724981
dogfur NR,0.307692308,0.307692308,0.205128205,0.076923077,0.025641026,0.051282051,0.025641026
roaddust KR,0.274068869,0.316936051,0.198172874,0.05059733,0.063246662,0.054813774,0.042164441
oldpdust LR,0,0.333333333,0.666666667,0,0,0,0
oldpdust KR,0.274011299,0.317090395,0.197033898,0.050847458,0.063559322,0.055084746,0.042372881
oldpdust MR,1,0,0,0,0,0,0
oldpdust NR,0.333333333,0.333333333,0.333333333,0,0,0,0
PSdust LR,0,1,0,0,0,0,0
PSdust KR,0.273624824,0.315937941,0.19887165,0.05077574,0.063469676,0.055007052,0.042313117
PSdust MR,0.5,0.5,0,0,0,0,0
PSdust NR,1,0,0,0,0,0,0
MilkP MR,0.292682927,0.243902439,0.195121951,0.073170732,0.12195122,0,0.073170732
MilkP HR,0,0.833333333,0.166666667,0,0,0,0
MilkP LR,0.261744966,0.342281879,0.208053691,0.053691275,0.073825503,0.020134228,0.040268456
MilkP KR,0.19047619,0.23015873,0.158730159,0.031746032,0.071428571,0.261904762,0.055555556
MilkP NR,0.286103542,0.323342416,0.201634877,0.051771117,0.059037239,0.038147139,0.039963669
MilkC MR,0,0.444444444,0.111111111,0.111111111,0.333333333,0,0
MilkC HR,0,0.25,0.5,0.25,0,0,0
MilkC LR,0.1875,0.4375,0.125,0.03125,0.09375,0.03125,0.09375
MilkC KR,0.27756654,0.314828897,0.196197719,0.05095057,0.062357414,0.057794677,0.040304183
MilkC NR,0.301587302,0.285714286,0.26984127,0.031746032,0.031746032,0.015873016,0.063492063
curd MR,0.098039216,0.431372549,0.196078431,0.117647059,0.078431373,0.039215686,0.039215686
curd HR,0.285714286,0.428571429,0,0.142857143,0.142857143,0,0
curd LR,0.226027397,0.390410959,0.164383562,0.061643836,0.02739726,0.068493151,0.061643836
curd KR,0.316715543,0.271260997,0.215542522,0.046920821,0.057184751,0.061583578,0.030791789
curd NR,0.249534451,0.34264432,0.188081937,0.044692737,0.078212291,0.044692737,0.052141527
coffee MR,0.27027027,0.243243243,0.216216216,0.108108108,0.054054054,0.027027027,0.081081081
coffee HR,0.181818182,0.363636364,0.363636364,0,0.090909091,0,0
coffee LR,0.19047619,0.4,0.2,0.114285714,0.00952381,0.00952381,0.076190476
coffee KR,0.276819923,0.317049808,0.196360153,0.046934866,0.059386973,0.066091954,0.037356322
coffee NR,0.305309735,0.287610619,0.194690265,0.030973451,0.10619469,0.030973451,0.044247788
tea MR,0.244897959,0.367346939,0.153061224,0.06122449,0.081632653,0.040816327,0.051020408
tea HR,0.129032258,0.322580645,0.258064516,0.064516129,0.064516129,0,0.161290323
tea LR,0.229437229,0.402597403,0.177489177,0.051948052,0.069264069,0.043290043,0.025974026
tea KR,0.297986577,0.277852349,0.201342282,0.059060403,0.06442953,0.060402685,0.038926174
tea NR,0.273584906,0.330188679,0.213836478,0.025157233,0.050314465,0.059748428,0.047169811
beef NR,0.24822695,0.312056738,0.276595745,0.04964539,0.070921986,0.014184397,0.028368794
beef KR,0.279543602,0.317848411,0.189894051,0.052159739,0.06193969,0.057049715,0.041564792
beef MR,0.076923077,0.384615385,0.153846154,0,0.153846154,0.076923077,0.153846154
beef LR,0.261904762,0.285714286,0.19047619,0.023809524,0.047619048,0.119047619,0.071428571
chicken MR,0.253731343,0.328358209,0.134328358,0.059701493,0.089552239,0.014925373,0.119402985
chicken HR,0.0625,0.375,0.125,0.0625,0.125,0.1875,0.0625
chicken LR,0.259433962,0.396226415,0.160377358,0.061320755,0.070754717,0.014150943,0.037735849
chicken KR,0.225596529,0.281995662,0.242950108,0.047722343,0.047722343,0.10845987,0.045553145
chicken NR,0.31934033,0.313343328,0.187406297,0.047976012,0.067466267,0.031484258,0.032983508
mutton MR,0.15942029,0.376811594,0.188405797,0.101449275,0.028985507,0.057971014,0.086956522
mutton HR,0.090909091,0.454545455,0.136363636,0.045454545,0.181818182,0.045454545,0.045454545
mutton LR,0.286821705,0.333333333,0.124031008,0.062015504,0.07751938,0.046511628,0.069767442
mutton KR,0.281632653,0.296598639,0.227210884,0.040816327,0.055782313,0.068027211,0.029931973
mutton NR,0.284188034,0.329059829,0.177350427,0.055555556,0.070512821,0.036324786,0.047008547
egg MR,0.261363636,0.318181818,0.136363636,0.056818182,0.125,0,0.102272727
egg HR,0.285714286,0.214285714,0.071428571,0,0.214285714,0.142857143,0.071428571
egg LR,0.301886792,0.320754717,0.194968553,0.050314465,0.037735849,0.031446541,0.062893082
egg KR,0.243181818,0.318181818,0.206818182,0.045454545,0.054545455,0.097727273,0.034090909
egg NR,0.288088643,0.317174515,0.203601108,0.05401662,0.063711911,0.038781163,0.034626039
fishA MR,0.138461538,0.369230769,0.184615385,0.061538462,0.107692308,0.061538462,0.076923077
fishA HR,0.166666667,0.666666667,0.166666667,0,0,0,0
fishA LR,0.261682243,0.317757009,0.186915888,0.079439252,0.070093458,0.023364486,0.060747664
fishA KR,0.254901961,0.31372549,0.212121212,0.046345811,0.055258467,0.087344029,0.03030303
fishA NR,0.313691508,0.310225303,0.190641248,0.043327556,0.064124783,0.034662045,0.043327556
fishB MR,0.142857143,0.333333333,0.142857143,0.095238095,0.119047619,0.023809524,0.142857143
fishB HR,0.333333333,0.666666667,0,0,0,0,0
fishB LR,0.353658537,0.341463415,0.182926829,0.048780488,0.030487805,0.030487805,0.012195122
fishB KR,0.263017356,0.307076101,0.20293725,0.050734312,0.06141522,0.077436582,0.037383178
fishB NR,0.275268817,0.320430108,0.202150538,0.047311828,0.07311828,0.030107527,0.051612903
crab MR,0.276595745,0.255319149,0.063829787,0.042553191,0.191489362,0.042553191,0.127659574
crab HR,0.235294118,0.235294118,0.176470588,0.058823529,0.117647059,0,0.176470588
crab LR,0.27027027,0.351351351,0.18018018,0.072072072,0.045045045,0.027027027,0.054054054
crab KR,0.272177419,0.306451613,0.206653226,0.049395161,0.064516129,0.064516129,0.036290323
crab NR,0.28515625,0.359375,0.19921875,0.046875,0.0390625,0.03515625,0.03515625
prawns MR,0.269230769,0.365384615,0.134615385,0.038461538,0.115384615,0.019230769,0.057692308
prawns HR,0.107142857,0.5,0.142857143,0.107142857,0.071428571,0.071428571,0
prawns LR,0.317919075,0.317919075,0.173410405,0.075144509,0.052023121,0.01734104,0.046242775
prawns KR,0.263888889,0.295833333,0.208333333,0.048611111,0.063888889,0.077777778,0.041666667
prawns NR,0.284444444,0.333333333,0.202222222,0.042222222,0.06,0.035555556,0.042222222
shark MR,0,0.5,0,0.5,0,0,0
shark HR,0,1,0,0,0,0,0
shark LR,0,0,1,0,0,0,0
shark KR,0.272727273,0.318551367,0.199556541,0.047302291,0.063562454,0.056910569,0.041389505
shark NR,0.328125,0.28125,0.140625,0.109375,0.0625,0.015625,0.0625
avaraikai MR,0.169491525,0.457627119,0.169491525,0.06779661,0.033898305,0.033898305,0.06779661
avaraikai HR,0.2,0.2,0.1,0.2,0.2,0,0.1
avaraikai LR,0.215384615,0.346153846,0.184615385,0.046153846,0.084615385,0.053846154,0.069230769
avaraikai KR,0.291723202,0.287652646,0.204884668,0.046132972,0.061058345,0.075983718,0.03256445
avaraikai NR,0.277207392,0.338809035,0.197125257,0.05338809,0.061601643,0.026694045,0.045174538
banana MR,0.181818182,0.454545455,0.272727273,0.090909091,0,0,0
banana HR,0,1,0,0,0,0,0
banana LR,0.170212766,0.425531915,0.234042553,0.085106383,0.042553191,0.021276596,0.021276596
banana KR,0.26984127,0.298941799,0.209876543,0.048500882,0.067901235,0.059964727,0.044973545
banana NR,0.32173913,0.373913043,0.130434783,0.052173913,0.047826087,0.039130435,0.034782609
beans MR,0.341463415,0.268292683,0.195121951,0.036585366,0.048780488,0.048780488,0.06097561
beans HR,0.214285714,0.5,0.071428571,0,0,0.071428571,0.142857143
beans LR,0.230088496,0.411504425,0.123893805,0.075221239,0.044247788,0.039823009,0.075221239
beans KR,0.260089686,0.251121076,0.210762332,0.031390135,0.049327354,0.179372197,0.01793722
beans NR,0.283599089,0.310933941,0.216400911,0.051252847,0.074031891,0.027334852,0.036446469
beetroot MR,0.204545455,0.431818182,0.113636364,0.113636364,0.068181818,0,0.068181818
beetroot HR,0,0,0.833333333,0,0,0,0.166666667
beetroot LR,0.232394366,0.394366197,0.169014085,0.042253521,0.077464789,0.021126761,0.063380282
beetroot KR,0.293963255,0.286089239,0.217847769,0.049868766,0.057742782,0.065616798,0.028871391
beetroot NR,0.264392324,0.336886994,0.174840085,0.049040512,0.068230277,0.053304904,0.053304904
brinjal MR,0.2875,0.3125,0.15,0.1,0.0625,0.025,0.0625
brinjal HR,0.466666667,0.133333333,0.133333333,0.133333333,0,0,0.133333333
brinjal LR,0.298850575,0.327586207,0.17816092,0.060344828,0.07183908,0.025862069,0.037356322
brinjal KR,0.175384615,0.36,0.206153846,0.036923077,0.055384615,0.126153846,0.04
brinjal NR,0.303816794,0.294656489,0.21221374,0.044274809,0.064122137,0.039694656,0.041221374
cabbage MR,0.117647059,0.470588235,0.205882353,0.088235294,0.088235294,0,0.029411765
cabbage HR,0,0.4,0.4,0.2,0,0,0
cabbage LR,0.278195489,0.338345865,0.127819549,0.045112782,0.112781955,0.030075188,0.067669173
cabbage KR,0.277777778,0.284511785,0.193602694,0.052188552,0.065656566,0.084175084,0.042087542
cabbage NR,0.280060883,0.333333333,0.214611872,0.04718417,0.050228311,0.03652968,0.03805175
capsicum MR,0.222222222,0.222222222,0.222222222,0,0.111111111,0,0.222222222
capsicum HR,0.333333333,0.666666667,0,0,0,0,0
capsicum LR,0.304347826,0.260869565,0.130434783,0.043478261,0.217391304,0,0.043478261
capsicum KR,0.278565471,0.311926606,0.199332777,0.045037531,0.06088407,0.06088407,0.043369475
capsicum NR,0.243386243,0.354497354,0.201058201,0.08994709,0.058201058,0.026455026,0.026455026
chillie NR,0.279279279,0.315315315,0.207207207,0.036036036,0.072072072,0.027027027,0.063063063
chillie KR,0.275941583,0.314373559,0.197540354,0.050730208,0.06302844,0.057647963,0.040737894
chillie MR,0,1,0,0,0,0,0
chillie LR,0,0.555555556,0.222222222,0.222222222,0,0,0
cauliflower MR,0.107142857,0.321428571,0.428571429,0.071428571,0.035714286,0.035714286,0
cauliflower HR,0.333333333,0.333333333,0.333333333,0,0,0,0
cauliflower LR,0.294871795,0.423076923,0.153846154,0.076923077,0.025641026,0.025641026,0
cauliflower KR,0.272262027,0.307062436,0.194472876,0.046059365,0.071647902,0.067553736,0.040941658
cauliflower NR,0.287833828,0.320474777,0.198813056,0.056379822,0.050445104,0.026706231,0.059347181
carrot MR,0.119047619,0.428571429,0.214285714,0.047619048,0.095238095,0.047619048,0.047619048
carrot HR,0.307692308,0.384615385,0,0.153846154,0.076923077,0,0.076923077
carrot LR,0.214285714,0.351190476,0.25,0.077380952,0.05952381,0.017857143,0.029761905
carrot KR,0.212765957,0.234042553,0.244680851,0.026595745,0.058510638,0.207446809,0.015957447
carrot NR,0.301383399,0.321146245,0.182806324,0.049407115,0.063241107,0.033596838,0.048418972
chowchow MR,0.333333333,0.444444444,0,0.111111111,0,0,0.111111111
chowchow HR,0,0.285714286,0.714285714,0,0,0,0
chowchow LR,0.24137931,0.310344828,0.172413793,0.103448276,0.068965517,0,0.103448276
chowchow KR,0.275127768,0.310051107,0.201873935,0.046848382,0.066439523,0.058773424,0.04088586
chowchow NR,0.279411765,0.352941176,0.171568627,0.06372549,0.049019608,0.044117647,0.039215686
corn MR,0,0.666666667,0,0.333333333,0,0,0
corn HR,0.333333333,0.333333333,0,0,0.333333333,0,0
corn LR,0.173913043,0.217391304,0.260869565,0.086956522,0.130434783,0,0.130434783
corn KR,0.280344558,0.310884886,0.195771339,0.048551292,0.063429914,0.060297572,0.040720439
corn NR,0.230769231,0.393162393,0.222222222,0.05982906,0.042735043,0.008547009,0.042735043
cucumber MR,0.666666667,0.333333333,0,0,0,0,0
cucumber HR,0,1,0,0,0,0,0
cucumber LR,0.210526316,0.421052632,0.105263158,0.105263158,0.052631579,0.052631579,0.052631579
cucumber KR,0.272087568,0.318217357,0.198592651,0.047693511,0.063330727,0.057075841,0.043002346
cucumber NR,0.297520661,0.280991736,0.214876033,0.074380165,0.066115702,0.033057851,0.033057851
drumstick MR,0.220338983,0.305084746,0.220338983,0.06779661,0.101694915,0.033898305,0.050847458
drumstick HR,0.142857143,0.714285714,0.142857143,0,0,0,0
drumstick LR,0.268656716,0.407960199,0.154228856,0.049751244,0.044776119,0.044776119,0.029850746
drumstick KR,0.296774194,0.225806452,0.15483871,0.04516129,0.051612903,0.2,0.025806452
drumstick NR,0.275724276,0.310689311,0.212787213,0.050949051,0.066933067,0.035964036,0.046953047
greens MR,0.21875,0.385416667,0.114583333,0.072916667,0.09375,0.0625,0.052083333
greens HR,0.227272727,0.272727273,0.136363636,0.090909091,0.136363636,0.045454545,0.090909091
greens LR,0.220858896,0.365030675,0.196319018,0.061349693,0.070552147,0.027607362,0.058282209
greens KR,0.30952381,0.238095238,0.195238095,0.033333333,0.038095238,0.152380952,0.033333333
greens NR,0.295188557,0.310793238,0.211963589,0.046814044,0.061118336,0.039011704,0.035110533
gourds MR,0.066666667,0.333333333,0.166666667,0.1,0.166666667,0.066666667,0.1
gourds HR,0,0,0,0.5,0,0,0.5
gourds LR,0.272108844,0.346938776,0.19047619,0.054421769,0.047619048,0.013605442,0.074829932
gourds KR,0.272727273,0.322134387,0.209486166,0.037549407,0.067193676,0.06916996,0.02173913
gourds NR,0.284552846,0.307588076,0.193766938,0.055555556,0.059620596,0.052845528,0.046070461
kovaikai MR,0,0.333333333,0.166666667,0.333333333,0.166666667,0,0
kovaikai HR,0,0,0,0,0,0.666666667,0.333333333
kovaikai LR,0.307692308,0.384615385,0.076923077,0,0.076923077,0.038461538,0.115384615
kovaikai KR,0.274853801,0.317460317,0.200501253,0.049289891,0.065162907,0.055973266,0.036758563
kovaikai NR,0.277486911,0.308900524,0.204188482,0.057591623,0.047120419,0.041884817,0.062827225
kothavarai NR,0.220588235,0.308823529,0.176470588,0.102941176,0.058823529,0.073529412,0.058823529
kothavarai KR,0.277198212,0.315946349,0.20119225,0.046199702,0.063338301,0.054396423,0.041728763
kothavarai MR,0,1,0,0,0,0,0
kothavarai LR,0.25,0.416666667,0,0.25,0.083333333,0,0
Lfinger MR,0.162790698,0.372093023,0.147286822,0.093023256,0.07751938,0.07751938,0.069767442
Lfinger HR,0.176470588,0.294117647,0.205882353,0.176470588,0.029411765,0,0.117647059
Lfinger LR,0.248927039,0.373390558,0.158798283,0.060085837,0.081545064,0.030042918,0.0472103
Lfinger KR,0.329787234,0.25177305,0.191489362,0.035460993,0.039007092,0.117021277,0.035460993
Lfinger NR,0.284563758,0.315436242,0.22147651,0.040268456,0.065771812,0.037583893,0.034899329
malli MR,0.166666667,0.166666667,0.416666667,0,0,0.083333333,0.166666667
malli HR,0,1,0,0,0,0,0
malli LR,0.224489796,0.448979592,0.12244898,0.06122449,0.06122449,0.06122449,0.020408163
malli KR,0.279174147,0.320466786,0.193895871,0.051166966,0.060143627,0.056552962,0.038599641
malli NR,0.267206478,0.279352227,0.222672065,0.048582996,0.08097166,0.044534413,0.056680162
mango MR,0.142857143,0.428571429,0,0.142857143,0,0,0.285714286
mango HR,0,0,1,0,0,0,0
mango LR,0.314285714,0.257142857,0.2,0.028571429,0.085714286,0.028571429,0.085714286
mango KR,0.282758621,0.30862069,0.2,0.054310345,0.06637931,0.053448276,0.034482759
mango NR,0.227272727,0.368181818,0.190909091,0.031818182,0.045454545,0.068181818,0.068181818
mushroom MR,0.285714286,0.428571429,0.142857143,0,0,0,0.142857143
mushroom HR,0,0.5,0.5,0,0,0,0
mushroom LR,0.205882353,0.235294118,0.294117647,0.147058824,0.058823529,0.029411765,0.029411765
mushroom KR,0.278092158,0.316895715,0.199676637,0.047696039,0.062247373,0.057396928,0.03799515
mushroom NR,0.258741259,0.328671329,0.160839161,0.055944056,0.076923077,0.041958042,0.076923077
nuckol MR,0,0.5,0,0.5,0,0,0
nuckol HR,1,0,0,0,0,0,0
nuckol LR,0,0.333333333,0,0.166666667,0.083333333,0.416666667,0
nuckol KR,0.278927203,0.311877395,0.202298851,0.049042146,0.062068966,0.052873563,0.042911877
nuckol NR,0.242718447,0.378640777,0.174757282,0.048543689,0.077669903,0.038834951,0.038834951
onion MR,0.139534884,0.418604651,0.162790698,0.093023256,0.139534884,0.023255814,0.023255814
onion HR,0.166666667,0.333333333,0,0,0.333333333,0,0.166666667
onion LR,0.243902439,0.414634146,0.170731707,0.054878049,0.054878049,0.006097561,0.054878049
onion KR,0.112903226,0.112903226,0.193548387,0.048387097,0.016129032,0.516129032,0
onion NR,0.292682927,0.31010453,0.204703833,0.048780488,0.06271777,0.038327526,0.042682927
peas MR,0.235294118,0.588235294,0.176470588,0,0,0,0
peas HR,0.5,0.5,0,0,0,0,0
peas LR,0.329411765,0.282352941,0.2,0.058823529,0.047058824,0.070588235,0.011764706
peas KR,0.268470343,0.32049948,0.198751301,0.044745057,0.065556712,0.061394381,0.040582726
peas NR,0.276536313,0.301675978,0.198324022,0.067039106,0.06424581,0.036312849,0.055865922
potroot MR,0.266666667,0.366666667,0.166666667,0.133333333,0.066666667,0,0
potroot HR,0.333333333,0,0.333333333,0,0.333333333,0,0
potroot LR,0.231707317,0.463414634,0.085365854,0.06097561,0.073170732,0.012195122,0.073170732
potroot KR,0.27251462,0.314619883,0.208187135,0.043274854,0.057309942,0.067836257,0.03625731
potroot NR,0.284768212,0.293598234,0.200883002,0.057395143,0.070640177,0.041942605,0.050772627
paneer MR,0.555555556,0.111111111,0.111111111,0.111111111,0,0,0.111111111
paneer HR,0,0.333333333,0.666666667,0,0,0,0
paneer LR,0.2,0.48,0.16,0.04,0.04,0,0.08
paneer KR,0.275559105,0.314696486,0.198881789,0.046325879,0.060702875,0.062300319,0.041533546
paneer NR,0.26119403,0.320895522,0.194029851,0.089552239,0.097014925,0,0.037313433
potato MR,0.15625,0.5,0.0625,0.0625,0.125,0,0.09375
potato HR,0.272727273,0.272727273,0.181818182,0,0,0.090909091,0.181818182
potato LR,0.213414634,0.384146341,0.195121951,0.079268293,0.067073171,0.030487805,0.030487805
potato KR,0.216450216,0.29004329,0.186147186,0.047619048,0.051948052,0.164502165,0.043290043
potato NR,0.301522843,0.306598985,0.206091371,0.046700508,0.063959391,0.034517766,0.040609137
pumkin MR,0.2,0.4,0,0.4,0,0,0
pumkin HR,0,1,0,0,0,0,0
pumkin LR,0.166666667,0.305555556,0.138888889,0.194444444,0.138888889,0,0.055555556
pumkin KR,0.287208367,0.31697506,0.19227675,0.043443282,0.063555913,0.057119871,0.039420756
pumkin NR,0.188405797,0.311594203,0.275362319,0.065217391,0.043478261,0.050724638,0.065217391
pudina MR,0.176470588,0.117647059,0.352941176,0.117647059,0.117647059,0.058823529,0.058823529
pudina HR,0.2,0.2,0.2,0,0.2,0,0.2
pudina LR,0.215686275,0.450980392,0.156862745,0.058823529,0.058823529,0.058823529,0
pudina KR,0.290729073,0.313231323,0.196219622,0.04950495,0.054905491,0.056705671,0.03870387
pudina NR,0.217573222,0.322175732,0.205020921,0.050209205,0.09623431,0.046025105,0.062761506
radish MR,0.269230769,0.269230769,0.230769231,0.038461538,0.115384615,0.038461538,0.038461538
radish HR,0,1,0,0,0,0,0
radish LR,0.209302326,0.337209302,0.174418605,0.081395349,0.081395349,0.046511628,0.069767442
radish KR,0.276539974,0.307994758,0.19921363,0.05242464,0.060288336,0.068152031,0.035386632
radish NR,0.282051282,0.326007326,0.1996337,0.043956044,0.062271062,0.038461538,0.047619048
tomato MR,0.194444444,0.333333333,0.055555556,0.138888889,0.055555556,0,0.222222222
tomato HR,0.285714286,0.285714286,0.142857143,0.142857143,0.142857143,0,0
tomato LR,0.258823529,0.458823529,0.158823529,0.047058824,0.041176471,0,0.035294118
tomato KR,0.185185185,0.135802469,0.160493827,0.037037037,0.074074074,0.395061728,0.012345679
tomato NR,0.285208149,0.308237378,0.211691763,0.048715678,0.06554473,0.040744021,0.039858282
tondaikai LR,0.2,0.6,0,0,0,0,0.2
tondaikai KR,0.275395034,0.317531979,0.20165538,0.046651618,0.060948081,0.057185854,0.040632054
tondaikai NR,0.258426966,0.292134831,0.157303371,0.112359551,0.101123596,0.02247191,0.056179775
vazpooThandu MR,0,0.333333333,0,0,0,0,0.666666667
vazpooThandu HR,0,0.333333333,0.666666667,0,0,0,0
vazpooThandu LR,0.310344828,0.551724138,0.034482759,0.068965517,0.034482759,0,0
vazpooThandu KR,0.273162939,0.313897764,0.198881789,0.049520767,0.06629393,0.056709265,0.041533546
vazpooThandu NR,0.286764706,0.294117647,0.220588235,0.058823529,0.044117647,0.051470588,0.044117647
yams MR,0.125,0.416666667,0.166666667,0.125,0.083333333,0.041666667,0.041666667
yams HR,0,0.571428571,0.285714286,0,0,0,0.142857143
yams LR,0.235294118,0.352941176,0.129411765,0.082352941,0.082352941,0.011764706,0.105882353
yams KR,0.280266921,0.324118208,0.204957102,0.045757865,0.053384175,0.059103908,0.032411821
yams NR,0.282945736,0.259689922,0.19379845,0.054263566,0.096899225,0.054263566,0.058139535
gram MR,0.326923077,0.269230769,0.168269231,0.067307692,0.081730769,0.052884615,0.033653846
gram HR,0.194444444,0.333333333,0.166666667,0.083333333,0.166666667,0.055555556,0
gram LR,0.251716247,0.359267735,0.19221968,0.059496568,0.050343249,0.041189931,0.04576659
gram KR,0.068181818,0.113636364,0.136363636,0.022727273,0,0.659090909,0
gram NR,0.289398281,0.316618911,0.216332378,0.040114613,0.064469914,0.025787966,0.047277937
channa MR,0.269461078,0.347305389,0.173652695,0.053892216,0.047904192,0.023952096,0.083832335
channa HR,0.21875,0.4375,0.1875,0,0.09375,0.0625,0
channa ?,0,1,0,0,0,0,0
channa LR,0.305810398,0.308868502,0.159021407,0.079510703,0.073394495,0.036697248,0.036697248
channa KR,0.281167109,0.25994695,0.198938992,0.018567639,0.074270557,0.124668435,0.042440318
channa NR,0.25433526,0.344894027,0.231213873,0.057803468,0.052023121,0.02504817,0.034682081
dhal MR,0.16,0.36,0.2,0.053333333,0.146666667,0.026666667,0.053333333
dhal HR,0.111111111,0.444444444,0,0.055555556,0.222222222,0,0.166666667
dhal LR,0.273809524,0.386904762,0.160714286,0.047619048,0.041666667,0.053571429,0.035714286
dhal KR,0.224719101,0.213483146,0.168539326,0.033707865,0.011235955,0.348314607,0
dhal NR,0.288909599,0.309412861,0.209692451,0.052190121,0.062441752,0.033550792,0.043802423
maida MR,0.195652174,0.347826087,0.260869565,0.02173913,0.086956522,0.043478261,0.043478261
maida HR,0.333333333,0.166666667,0.166666667,0.083333333,0.166666667,0,0.083333333
maida LR,0.323076923,0.379487179,0.102564103,0.030769231,0.061538462,0.035897436,0.066666667
maida KR,0.28358209,0.300995025,0.174129353,0.044776119,0.064676617,0.104477612,0.027363184
maida NR,0.260416667,0.309895833,0.231770833,0.059895833,0.059895833,0.03515625,0.04296875
oats MR,0.333333333,0.333333333,0,0.333333333,0,0,0
oats HR,0,1,0,0,0,0,0
oats LR,0.117647059,0.411764706,0.352941176,0.058823529,0.058823529,0,0
oats KR,0.27830941,0.318181818,0.198564593,0.04784689,0.062200957,0.054226475,0.040669856
oats NR,0.255172414,0.289655172,0.186206897,0.062068966,0.075862069,0.068965517,0.062068966
ragi MR,0.055555556,0.5,0.333333333,0.055555556,0,0,0.055555556
ragi HR,0.25,0.5,0,0,0.25,0,0
ragi LR,0.129032258,0.322580645,0.225806452,0.129032258,0.064516129,0.064516129,0.064516129
ragi KR,0.289539749,0.310460251,0.1958159,0.050209205,0.059414226,0.056903766,0.037656904
ragi NR,0.217142857,0.337142857,0.2,0.04,0.091428571,0.045714286,0.068571429
rice NR,0.152380952,0.447619048,0.123809524,0.095238095,0.076190476,0.019047619,0.085714286
rice KR,0.283206107,0.30610687,0.204580153,0.046564885,0.06259542,0.058015267,0.038931298
rice MR,0,0,0,1,0,0,0
rice LR,0.428571429,0.428571429,0.142857143,0,0,0,0
wheat MR,0.159090909,0.5,0.068181818,0.136363636,0.068181818,0,0.068181818
wheat HR,0.1875,0.5,0.25,0,0.0625,0,0
wheat LR,0.272727273,0.363636364,0.153409091,0.056818182,0.079545455,0.005681818,0.068181818
wheat KR,0.185430464,0.298013245,0.165562914,0.026490066,0.079470199,0.21192053,0.033112583
wheat NR,0.293436293,0.301158301,0.215250965,0.05019305,0.057915058,0.043436293,0.038610039
coconut MR,0.215686275,0.392156863,0.078431373,0.137254902,0.058823529,0,0.117647059
coconut HR,0,0.75,0,0,0,0.25,0
coconut LR,0.26,0.38,0.173333333,0.046666667,0.066666667,0.033333333,0.04
coconut KR,0.304812834,0.286096257,0.171122995,0.045454545,0.053475936,0.106951872,0.032085561
coconut NR,0.267772512,0.312796209,0.222748815,0.048578199,0.067535545,0.037914692,0.042654028
oil MR,0.068965517,0.413793103,0.310344828,0.068965517,0.068965517,0,0.068965517
oil HR,0.125,0.5,0.375,0,0,0,0
oil LR,0.13253012,0.445783133,0.253012048,0.048192771,0,0.024096386,0.096385542
oil KR,0.310797175,0.300706357,0.201816347,0.050454087,0.050454087,0.064581231,0.021190716
oil NR,0.217948718,0.320512821,0.157051282,0.051282051,0.121794872,0.038461538,0.092948718
garlic MR,0.181818182,0.484848485,0.121212121,0.03030303,0.121212121,0,0.060606061
garlic HR,0,0.285714286,0.285714286,0,0.285714286,0,0.142857143
garlic LR,0.263636364,0.318181818,0.254545455,0.045454545,0.045454545,0.018181818,0.054545455
garlic KR,0.268027211,0.285714286,0.213605442,0.068027211,0.05170068,0.072108844,0.040816327
garlic NR,0.293680297,0.349442379,0.169144981,0.029739777,0.076208178,0.042750929,0.039033457
ginger MR,0.157894737,0.394736842,0.263157895,0.026315789,0.026315789,0.026315789,0.105263158
ginger HR,0,0.833333333,0.166666667,0,0,0,0
ginger LR,0.255555556,0.422222222,0.177777778,0.044444444,0.066666667,0.022222222,0.011111111
ginger KR,0.278137128,0.275549806,0.217335058,0.06080207,0.056921087,0.075032342,0.03622251
ginger NR,0.282945736,0.348837209,0.168604651,0.03875969,0.075581395,0.032945736,0.052325581
pepper NR,0.195652174,0.362318841,0.188405797,0.050724638,0.108695652,0.036231884,0.057971014
pepper KR,0.28125,0.310096154,0.201923077,0.050480769,0.05849359,0.05849359,0.039262821
pepper MR,0.166666667,0.333333333,0.166666667,0,0,0,0.333333333
pepper LR,0.35483871,0.387096774,0.096774194,0.064516129,0.064516129,0,0.032258065
tamarind MR,0.116666667,0.266666667,0.283333333,0.033333333,0.166666667,0.05,0.083333333
tamarind HR,0.142857143,0.571428571,0.214285714,0,0.071428571,0,0
tamarind LR,0.221556886,0.347305389,0.203592814,0.077844311,0.05988024,0.02994012,0.05988024
tamarind KR,0.308533917,0.27571116,0.2297593,0.039387309,0.026258206,0.100656455,0.019693654
tamarind NR,0.28,0.335172414,0.169655172,0.053793103,0.07862069,0.033103448,0.049655172
aginomoto MR,0.222222222,0.416666667,0.138888889,0.055555556,0.055555556,0.027777778,0.083333333
aginomoto HR,0,0.333333333,0,0.333333333,0.333333333,0,0
aginomoto LR,0.241935484,0.370967742,0.161290323,0.048387097,0.096774194,0.016129032,0.064516129
aginomoto KR,0.279761905,0.306547619,0.216269841,0.04265873,0.057539683,0.066468254,0.030753968
aginomoto NR,0.270700637,0.328025478,0.156050955,0.073248408,0.073248408,0.02866242,0.070063694
spices MR,0.285714286,0.571428571,0,0,0,0,0.142857143
spices HR,0.5,0.5,0,0,0,0,0
spices LR,0.178571429,0.464285714,0.071428571,0,0.142857143,0.071428571,0.071428571
spices KR,0.28202995,0.311980033,0.207154742,0.045757072,0.056572379,0.06156406,0.034941764
spices NR,0.233695652,0.315217391,0.168478261,0.092391304,0.097826087,0.010869565,0.081521739
coco MR,0.285714286,0.285714286,0.428571429,0,0,0,0
coco HR,0.5,0,0.25,0,0.25,0,0
coco LR,0.266666667,0.6,0,0.066666667,0,0,0.066666667
coco KR,0.278219396,0.321939587,0.19872814,0.046899841,0.058823529,0.060413355,0.034976153
coco NR,0.230215827,0.251798561,0.201438849,0.086330935,0.107913669,0.014388489,0.107913669
horlicks KR,0.274068869,0.316936051,0.198172874,0.05059733,0.063246662,0.054813774,0.042164441
boost NR,1,0,0,0,0,0,0
boost KR,0.273558368,0.317158931,0.198312236,0.050632911,0.063291139,0.054852321,0.042194093
sdrink NR,0.208955224,0.358208955,0.074626866,0.089552239,0.119402985,0.044776119,0.104477612
sdrink KR,0.278810409,0.316728625,0.203717472,0.048327138,0.060223048,0.055018587,0.037174721
sdrink MR,0.333333333,0,0.333333333,0,0,0,0.333333333
sdrink LR,0,0.125,0.25,0.125,0.125,0.125,0.25
hdrink NR,0.196969697,0.348484848,0.060606061,0.106060606,0.121212121,0.045454545,0.121212121
hdrink KR,0.279225614,0.314966493,0.20476545,0.048399106,0.060312733,0.055100521,0.037230082
hdrink MR,0.25,0.25,0.25,0,0,0,0.25
hdrink LR,0.1,0.4,0.2,0,0.1,0.1,0.1
sfruit MR,0.144067797,0.381355932,0.144067797,0.13559322,0.093220339,0.025423729,0.076271186
sfruit HR,0.166666667,0.277777778,0.111111111,0.138888889,0.166666667,0.055555556,0.083333333
sfruit LR,0.231770833,0.317708333,0.1640625,0.0546875,0.09375,0.057291667,0.080729167
sfruit KR,0.321909425,0.314565483,0.222766218,0.025703794,0.041615667,0.06119951,0.012239902
sfruit NR,0.220588235,0.25,0.235294118,0.132352941,0.044117647,0.014705882,0.102941176
wfruit MR,0.17,0.33,0.09,0.15,0.14,0,0.12
wfruit HR,0.157894737,0.473684211,0.105263158,0,0.105263158,0.052631579,0.105263158
wfruit LR,0.202185792,0.327868852,0.174863388,0.073770492,0.084699454,0.06010929,0.076502732
wfruit KR,0.326627219,0.307692308,0.222485207,0.026035503,0.043786982,0.06035503,0.013017751
wfruit NR,0.215053763,0.311827957,0.204301075,0.086021505,0.064516129,0.043010753,0.075268817
lime MR,0.333333333,0.222222222,0.222222222,0,0,0,0.222222222
lime HR,0.333333333,0.666666667,0,0,0,0,0
lime LR,0.136363636,0.363636364,0.181818182,0.075757576,0.151515152,0.03030303,0.060606061
lime KR,0.289559543,0.305872757,0.201468189,0.052202284,0.056280587,0.057911909,0.036704731
lime NR,0.18487395,0.403361345,0.176470588,0.025210084,0.092436975,0.042016807,0.075630252
nuts MR,0.229166667,0.302083333,0.145833333,0.104166667,0.125,0.041666667,0.052083333
nuts HR,0.34375,0.34375,0.09375,0.09375,0.0625,0.03125,0.03125
nuts LR,0.183544304,0.373417722,0.139240506,0.082278481,0.088607595,0.03164557,0.101265823
nuts KR,0.305775764,0.320498301,0.218573046,0.031710079,0.039637599,0.058890147,0.024915062
nuts NR,0.228346457,0.271653543,0.196850394,0.070866142,0.106299213,0.062992126,0.062992126
runningnose YES,0.643145161,0.012096774,0.056451613,0.120967742,0.14516129,0.016129032,0.006048387
runningnose NO,0.076591154,0.48004315,0.274002157,0.012944984,0.019417476,0.075512406,0.061488673
sneeze YES,0.632142857,0.019642857,0.080357143,0.1125,0.133928571,0.014285714,0.007142857
sneeze NO,0.041714948,0.509849363,0.274623407,0.010428737,0.017381228,0.081112399,0.064889919
cough YES,0.582809224,0.012578616,0.178197065,0.083857442,0.119496855,0.012578616,0.01048218
cough NO,0.118393235,0.470401691,0.208245243,0.033826638,0.034883721,0.076109937,0.058139535
wheezeBlocks YES,0.544354839,0.026209677,0.183467742,0.092741935,0.131048387,0.008064516,0.014112903
wheezeBlocks NO,0.129449838,0.472491909,0.206040992,0.028047465,0.026968716,0.0798274,0.057173679
headache YES,0.454183267,0.043824701,0.151394422,0.131474104,0.19123506,0.023904382,0.003984064
headache NO,0.235494881,0.375426621,0.208191126,0.033276451,0.035836177,0.061433447,0.050341297
itching YES,0.008534851,0.624466572,0.166429587,0.096728307,0.0056899,0.015647226,0.082503556
itching NO,0.533333333,0.016666667,0.229166667,0.005555556,0.119444444,0.093055556,0.002777778
swelling YES,0.007159905,0.720763723,0.069212411,0.116945107,0,0.023866348,0.062052506
swelling NO,0.385458167,0.148406375,0.251992032,0.022908367,0.089641434,0.067729084,0.033864542
redrashes YES,0.010723861,0.721179625,0.053619303,0.128686327,0,0.024128686,0.061662198
redrashes NO,0.367619048,0.173333333,0.24952381,0.022857143,0.085714286,0.065714286,0.035238095
FHistory YES,0.230661041,0.285513361,0.225035162,0.080168776,0.111111111,0.012658228,0.054852321
FHistory NO,0.31741573,0.348314607,0.171348315,0.021067416,0.015449438,0.096910112,0.029494382
gender ?,0,0.5,0.5,0,0,0,0
gender F,0.22781457,0.349668874,0.198675497,0.063576159,0.064900662,0.052980132,0.042384106
gender M,0.327327327,0.279279279,0.196696697,0.036036036,0.061561562,0.057057057,0.042042042
